190 132 225 108 214 174 082 144 073 241 
219 060 135 012 062 153 036 094 013 028 
077 200 067 187 139 166 031 003 090 125 
203 252 150 245 069 059 019 013 137 010 
080 238 064 120 054 253 018 073 050 246 
020 242 068 064 102 208 107 196 048 183 
145 157 225 139 031 218 176 202 153 002 
126 197 153 213 233 128 178 234 201 204 
214 126 045 220 142 102 131 239 087 073 
209 030 157 156 022 114 114 230 029 240 
232 057 044 083 203 201 018 030 051 116 
212 164 089 126 053 207 050 034 244 204 
143 117 230 217 029 042 229 192 247 043 
080 000 212 097 141 190 123 005 021 007 
146 218 100 084 206 177 133 062 105 021 
014 217 022 047 103 104 212 247 074 074 
187 017 173 174 036 136 121 254 082 219 
211 216 040 206 011 245 197 096 089 061 
208 194 201 205 104 212 073 106 121 037 
106 165 017 040 193 140 214 169 011 135 
154 149 193 155 225 192 126 233 168 154 
154 231 217 035 209 085 144 056 040 209 
225 048 156 254 217 113 159 226 165 226 
042 070 137 169 130 121 122 118 120 194 
109 062 098 224 150 018 052 191 057 166 
227 108 040 161 030 032 029 203 194 003 
005 101 027 040 097 201 197 231 044 142 
141 254 190 242 235 113 255 160 208 059 
115 077 208 190 130 190 219 194 070 065 
240 167 084 134 050 149 170 091 104 019 
125 159 137 138 065 027 253 184 079 104 
211 013 240 068 058 180 166 102 083 051 
236 003 076 115 230 005 180 049 014 170 
255 216 157 020 077 244 121 039 089 066 
135 032 035 100 184 166 135 149 076 176 
061 177 096 222 177 128 173 008 065 233 
024 159 021 066 000 038 254 076 209 033 
083 064 067 138 175 126 202 111 213 207 
101 039 042 246 007 173 161 190 101 166 
009 044 077 001 143 023 086 198 219 157 
056 097 107 104 018 098 249 084 208 231 
041 029 134 041 153 114 219 116 028 250 
087 245 223 128 108 109 141 116 217 139 
121 189 247 235 021 184 224 225 096 143 
138 138 143 039 092 247 229 135 074 059 
195 177 167 048 074 016 238 117 111 003 
155 200 129 067 041 040 138 246 233 158 
205 164 158 222 129 163 140 152 016 255 
080 089 191 189 028 039 003 040 127 093 
096 060 229 222 002 152 066 178 013 043 
